game started???!
OK  0 (3,5)
EN  1 (2,2)
OK  1 (5,2)
EN  2 (3,2)
OK  2 (3,1)
EN  3 (4,0)
OK  3 (1,2)
EN  4 (2,4)
OK  4 (6,5)
EN  5 (4,2)
OK  5 (1,3)
EN  6 (0,2)
OK  6 (2,1)
EN  7 (2,0)
OK  7 (3,0)
EN  8 (4,1)
OK  8 (2,5)
EN  9 (2,3)
OK  9 (5,3)
EN  10 (0,3)
OK  10 (1,1)
EN  11 (4,5)
OK  11 (5,5)
EN  12 (6,4)
OK  12 (7,4)
EN  13 (6,2)
OK  13 (7,2)
EN  14 (5,1)
OK  14 (0,4)
EN  15 (0,5)
OK  15 (5,0)
EN  16 (6,0)
OK  16 (1,4)
EN  17 (1,5)
OK  17 (6,1)
EN  18 (0,0)
OK  18 (0,1)
EN  19 (1,0)
OK  19 (0,6)
EN  20 (0,7)
EN  21 (1,6)
